# gpu   pwr gtemp mtemp    sm   mem   enc   dec  mclk  pclk
# Idx     W     C     C     %     %     %     %   MHz   MHz
    0    62    29    28     7     0     0     0  1215   210
    0    62    29    28     7     0     0     0  1215   210
    0    62    29    28     7     0     0     0  1215   210
    0    68    30    28    16     0     0     0  1215  1095
    0   248    37    39   100   100     0     0  1215  1410
    0   243    39    42   100   100     0     0  1215  1410
    0   244    40    43   100   100     0     0  1215  1410
    0   243    41    43   100   100     0     0  1215  1410
    0   243    41    44   100   100     0     0  1215  1410
    0   244    42    45   100   100     0     0  1215  1410
    0   244    42    45   100   100     0     0  1215  1410
    0   246    43    45   100   100     0     0  1215  1410
    0   247    43    46   100   100     0     0  1215  1410
    0   247    43    46   100   100     0     0  1215  1410
    0   248    44    46   100   100     0     0  1215  1410
    0   247    44    46   100   100     0     0  1215  1410
    0   248    44    47   100   100     0     0  1215  1410
    0   247    44    47   100   100     0     0  1215  1410
    0   248    45    47   100   100     0     0  1215  1410
    0   248    45    48   100   100     0     0  1215  1410
    0   248    45    48   100   100     0     0  1215  1410
    0   310    48    48   100    98     0     0  1215  1410
    0   308    49    49   100    98     0     0  1215  1410
    0   309    50    49   100    98     0     0  1215  1410
    0   307    50    50   100    98     0     0  1215  1410
    0   307    50    50   100    98     0     0  1215  1410
    0   307    50    50   100    98     0     0  1215  1410
    0   312    51    51   100    98     0     0  1215  1410
    0   309    51    51   100    97     0     0  1215  1410
    0   311    52    51   100    97     0     0  1215  1410
    0   310    52    51   100    97     0     0  1215  1410
    0   309    52    52   100    98     0     0  1215  1410
    0   313    52    52   100    97     0     0  1215  1410
    0   310    52    52   100    98     0     0  1215  1410
    0   309    52    52   100    98     0     0  1215  1410
    0   314    53    52   100    98     0     0  1215  1410
    0   313    53    53   100    98     0     0  1215  1410
    0   314    53    53   100    98     0     0  1215  1410
    0   315    54    53   100    98     0     0  1215  1410
    0   319    54    53   100    97     0     0  1215  1410
    0   318    54    54   100    96     0     0  1215  1410
    0   317    54    54   100    97     0     0  1215  1410
    0   314    54    54   100    97     0     0  1215  1410
    0   317    54    54   100    98     0     0  1215  1410
# gpu   pwr gtemp mtemp    sm   mem   enc   dec  mclk  pclk
# Idx     W     C     C     %     %     %     %   MHz   MHz
    0   314    54    54   100    98     0     0  1215  1410
    0   315    54    54   100    98     0     0  1215  1410
    0   313    54    54   100    98     0     0  1215  1410
    0   316    55    54   100    98     0     0  1215  1410
    0   317    55    54   100    98     0     0  1215  1410
    0   316    55    54   100    98     0     0  1215  1410
    0   315    55    55   100    97     0     0  1215  1410
    0   317    55    55   100    97     0     0  1215  1410
    0   319    55    55   100    98     0     0  1215  1410
    0   315    55    55   100    97     0     0  1215  1410
    0   315    55    55   100    98     0     0  1215  1410
    0   317    55    55   100    98     0     0  1215  1410
    0   317    55    55   100    98     0     0  1215  1410
    0   315    56    56   100    98     0     0  1215  1410
    0   315    56    56   100    98     0     0  1215  1410
    0   319    56    56   100    98     0     0  1215  1410
    0   319    56    56   100    97     0     0  1215  1410
    0   318    56    56   100    97     0     0  1215  1410
    0   315    56    56   100    97     0     0  1215  1410
    0   317    56    56   100    98     0     0  1215  1410
    0   317    56    56   100    98     0     0  1215  1410
    0   318    56    56   100    98     0     0  1215  1410
    0   317    56    56   100    98     0     0  1215  1410
    0   315    56    56   100    98     0     0  1215  1410
    0   317    56    56   100    97     0     0  1215  1410
    0   317    57    56   100    98     0     0  1215  1410
    0   317    56    56   100    98     0     0  1215  1410
    0   322    57    56   100    97     0     0  1215  1410
    0   319    57    56   100    97     0     0  1215  1410
    0   318    57    56   100    97     0     0  1215  1410
    0   317    57    57   100    98     0     0  1215  1410
    0   320    57    57   100    98     0     0  1215  1410
    0   317    57    57   100    98     0     0  1215  1410
    0   318    57    57   100    98     0     0  1215  1410
    0   318    57    57   100    98     0     0  1215  1410
    0   316    57    57   100    98     0     0  1215  1410
    0   319    57    57   100    98     0     0  1215  1410
    0   317    57    57   100    98     0     0  1215  1410
    0   317    57    57   100    97     0     0  1215  1410
    0   318    57    57   100    97     0     0  1215  1410
    0   317    57    57   100    98     0     0  1215  1410
    0   319    57    57   100    98     0     0  1215  1410
    0   319    57    57   100    98     0     0  1215  1410
    0   316    57    57   100    98     0     0  1215  1410
# gpu   pwr gtemp mtemp    sm   mem   enc   dec  mclk  pclk
# Idx     W     C     C     %     %     %     %   MHz   MHz
    0   318    57    57   100    98     0     0  1215  1410
    0   318    57    57   100    98     0     0  1215  1410
    0   319    57    57   100    98     0     0  1215  1410
    0   320    57    57   100    98     0     0  1215  1410
    0   318    57    57   100    97     0     0  1215  1410
    0   320    57    57   100    97     0     0  1215  1410
    0   320    57    57   100    97     0     0  1215  1410
    0   319    57    57   100    98     0     0  1215  1410
    0   318    57    58   100    98     0     0  1215  1410
    0   320    57    57   100    98     0     0  1215  1410
    0   319    57    58   100    98     0     0  1215  1410
    0   317    57    57   100    98     0     0  1215  1410
    0   318    57    58   100    98     0     0  1215  1410
    0   323    58    58   100    98     0     0  1215  1410
    0   317    58    58   100    98     0     0  1215  1410
    0   320    58    58   100    97     0     0  1215  1410
    0   320    58    58   100    97     0     0  1215  1410
    0   318    58    58   100    97     0     0  1215  1410
    0   319    58    58   100    98     0     0  1215  1410
    0   319    58    58   100    98     0     0  1215  1410
    0   319    58    58   100    98     0     0  1215  1410
    0   317    58    58   100    98     0     0  1215  1410
    0   318    58    58   100    98     0     0  1215  1410
    0   319    58    58   100    98     0     0  1215  1410
    0   306    58    55   100    98     0     0  1215  1410
    0   356    61    56   100    66     0     0  1215  1410
    0   367    62    56   100    65     0     0  1215  1410
    0   360    62    56   100    65     0     0  1215  1410
    0   357    62    56   100    66     0     0  1215  1410
    0   357    62    56   100    67     0     0  1215  1410
    0   364    62    56   100    67     0     0  1215  1410
    0   351    62    56   100    65     0     0  1215  1410
    0   359    62    56   100    65     0     0  1215  1410
    0   347    62    57   100    66     0     0  1215  1410
    0   362    62    56   100    66     0     0  1215  1410
    0   356    62    57   100    66     0     0  1215  1410
    0   366    62    57   100    66     0     0  1215  1410
    0   360    62    57   100    66     0     0  1215  1410
    0   359    62    56   100    66     0     0  1215  1410
    0   357    62    57   100    66     0     0  1215  1410
    0   370    62    57   100    65     0     0  1215  1410
    0   359    63    57   100    65     0     0  1215  1410
    0   359    62    57   100    65     0     0  1215  1410
    0   356    62    56   100    67     0     0  1215  1410
# gpu   pwr gtemp mtemp    sm   mem   enc   dec  mclk  pclk
# Idx     W     C     C     %     %     %     %   MHz   MHz
    0   363    63    57   100    66     0     0  1215  1410
    0   350    63    57   100    65     0     0  1215  1410
    0   361    63    57   100    64     0     0  1215  1410
    0   350    63    57   100    66     0     0  1215  1410
    0   362    63    57   100    66     0     0  1215  1410
    0   361    63    57   100    65     0     0  1215  1410
    0   371    63    57   100    67     0     0  1215  1410
    0   367    63    57   100    66     0     0  1215  1410
    0   368    63    57   100    66     0     0  1215  1410
    0   361    63    57   100    67     0     0  1215  1410
    0   361    63    57   100    66     0     0  1215  1410
    0   367    63    57   100    66     0     0  1215  1410
    0   363    63    57   100    66     0     0  1215  1410
    0   360    63    57   100    66     0     0  1215  1410
    0   365    63    57   100    67     0     0  1215  1410
    0   368    63    57   100    65     0     0  1215  1410
    0   361    63    57   100    66     0     0  1215  1410
    0   350    63    57   100    66     0     0  1215  1410
    0   366    63    57   100    66     0     0  1215  1410
    0   370    63    57   100    66     0     0  1215  1410
    0   365    63    57   100    66     0     0  1215  1410
    0   368    63    57   100    66     0     0  1215  1410
    0   372    63    57   100    66     0     0  1215  1410
    0   363    63    57   100    67     0     0  1215  1410
    0   361    63    57   100    66     0     0  1215  1410
    0   368    63    57   100    65     0     0  1215  1410
    0   307    59    58   100    86     0     0  1215  1410
    0   310    59    58   100    86     0     0  1215  1410
    0   310    59    58   100    86     0     0  1215  1410
    0   313    58    58   100    86     0     0  1215  1410
    0   309    58    57   100    92     0     0  1215  1410
    0   308    58    58   100   100     0     0  1215  1410
    0   299    57    58   100    98     0     0  1215  1410
    0   300    57    58   100    88     0     0  1215  1410
    0   303    57    57   100    86     0     0  1215  1410
    0   305    57    57   100    85     0     0  1215  1410
    0   306    57    57   100    86     0     0  1215  1410
    0   308    57    57   100    86     0     0  1215  1410
    0   308    57    57   100    91     0     0  1215  1410
    0   308    57    57   100   100     0     0  1215  1410
    0   300    57    57   100    99     0     0  1215  1410
    0   298    57    58   100    90     0     0  1215  1410
    0   300    57    57   100    85     0     0  1215  1410
    0   306    57    56   100    86     0     0  1215  1410
# gpu   pwr gtemp mtemp    sm   mem   enc   dec  mclk  pclk
# Idx     W     C     C     %     %     %     %   MHz   MHz
    0   305    57    56   100    85     0     0  1215  1410
    0   306    57    56   100    86     0     0  1215  1410
    0   308    57    56   100    89     0     0  1215  1410
    0   308    57    56   100    99     0     0  1215  1410
    0   303    57    57   100    99     0     0  1215  1410
    0   299    56    57   100    91     0     0  1215  1410
    0   298    56    57   100    86     0     0  1215  1410
    0   306    57    56   100    85     0     0  1215  1410
    0   307    57    56   100    86     0     0  1215  1410
    0   306    57    56   100    85     0     0  1215  1410
    0   308    57    56   100    88     0     0  1215  1410
    0   307    57    56   100    98     0     0  1215  1410
    0   304    57    57   100    99     0     0  1215  1410
    0   300    56    57   100    92     0     0  1215  1410
    0   299    56    57   100    85     0     0  1215  1410
    0   306    57    56   100    85     0     0  1215  1410
    0   305    57    56   100    86     0     0  1215  1410
    0   306    57    56   100    86     0     0  1215  1410
    0   308    57    56   100    87     0     0  1215  1410
    0   308    57    56   100    96     0     0  1215  1410
    0   308    57    56   100   100     0     0  1215  1410
    0   300    56    57   100    94     0     0  1215  1410
    0   299    56    57   100    86     0     0  1215  1410
    0   305    57    56   100    85     0     0  1215  1410
    0   306    57    56   100    86     0     0  1215  1410
    0   305    57    56   100    86     0     0  1215  1410
    0   308    57    56   100    85     0     0  1215  1410
    0   309    57    56   100    95     0     0  1215  1410
    0   306    56    56   100    99     0     0  1215  1410
    0   299    56    57   100    95     0     0  1215  1410
    0   300    56    57   100    86     0     0  1215  1410
    0   304    56    56   100    85     0     0  1215  1410
    0   305    57    56   100    85     0     0  1215  1410
    0   304    57    56   100    86     0     0  1215  1410
    0   307    57    56   100    86     0     0  1215  1410
    0   307    57    56   100    93     0     0  1215  1410
    0   307    56    56   100   100     0     0  1215  1410
    0   300    56    57   100    97     0     0  1215  1410
    0   298    56    56   100    87     0     0  1215  1410
    0   300    56    56   100    85     0     0  1215  1410
    0   305    57    56   100    86     0     0  1215  1410
    0   306    57    56   100    86     0     0  1215  1410
    0   307    57    56   100    86     0     0  1215  1410
    0   307    57    56   100    92     0     0  1215  1410
# gpu   pwr gtemp mtemp    sm   mem   enc   dec  mclk  pclk
# Idx     W     C     C     %     %     %     %   MHz   MHz
    0   307    56    56   100    99     0     0  1215  1410
    0   299    56    56   100    98     0     0  1215  1410
    0   300    56    57   100    88     0     0  1215  1410
    0   298    56    56   100    85     0     0  1215  1410
    0   305    57    56   100    86     0     0  1215  1410
    0   306    57    56   100    85     0     0  1215  1410
    0   306    57    56   100    86     0     0  1215  1410
    0   307    57    56   100    86     0     0  1215  1410
    0   308    57    56   100    87     0     0  1215  1410
    0   302    57    57   100    97     0     0  1215  1410
    0   301    56    57   100    99     0     0  1215  1410
    0   299    57    57   100    94     0     0  1215  1410
    0   306    57    56   100    85     0     0  1215  1410
    0   306    57    56   100    85     0     0  1215  1410
    0   305    57    56   100    86     0     0  1215  1410
    0   308    57    56   100    86     0     0  1215  1410
    0   308    57    56   100    86     0     0  1215  1410
    0   300    57    57   100    96     0     0  1215  1410
    0   300    57    57   100   100     0     0  1215  1410
    0   299    57    57   100    95     0     0  1215  1410
    0   306    57    57   100    86     0     0  1215  1410
    0   305    57    56   100    85     0     0  1215  1410
    0   306    57    56   100    86     0     0  1215  1410
    0   307    57    57   100    86     0     0  1215  1410
    0   308    57    57   100    85     0     0  1215  1410
    0   303    57    57   100    94     0     0  1215  1410
    0   300    57    57   100   100     0     0  1215  1410
    0   300    57    57   100    96     0     0  1215  1410
    0   307    57    56   100    85     0     0  1215  1410
    0   306    57    57   100    86     0     0  1215  1410
    0   305    57    57   100    86     0     0  1215  1410
    0   308    57    57   100    86     0     0  1215  1410
    0   308    57    57   100    86     0     0  1215  1410
    0   305    57    57   100    95     0     0  1215  1410
    0   298    57    57   100   100     0     0  1215  1410
    0   300    57    57   100    95     0     0  1215  1410
    0   307    58    57   100    86     0     0  1215  1410
    0   306    58    56   100    86     0     0  1215  1410
    0   307    58    57   100    86     0     0  1215  1410
    0   308    58    57   100    86     0     0  1215  1410
    0   308    57    57   100    86     0     0  1215  1410
    0   306    57    57   100    94     0     0  1215  1410
    0   300    57    58   100   100     0     0  1215  1410
    0   300    57    57   100    96     0     0  1215  1410
# gpu   pwr gtemp mtemp    sm   mem   enc   dec  mclk  pclk
# Idx     W     C     C     %     %     %     %   MHz   MHz
    0   307    58    57   100    86     0     0  1215  1410
    0   306    58    57   100    85     0     0  1215  1410
    0   307    58    57   100    86     0     0  1215  1410
    0   308    58    57   100    86     0     0  1215  1410
    0   308    58    57   100    86     0     0  1215  1410
    0   308    57    57   100    93     0     0  1215  1410
    0   299    57    57   100    99     0     0  1215  1410
    0   298    57    57   100    98     0     0  1215  1410
    0   297    57    57   100   100     0     0  1215  1410
    0   298    57    57   100   100     0     0  1215  1410
    0   297    57    57   100   100     0     0  1215  1410
    0   298    57    57   100   100     0     0  1215  1410
    0   297    57    57   100   100     0     0  1215  1410
    0   290    57    57   100    98     0     0  1215  1410
    0   298    57    57   100   100     0     0  1215  1410
    0   297    57    57   100   100     0     0  1215  1410
    0   297    57    57   100    95     0     0  1215  1410
    0   298    57    57   100   100     0     0  1215  1410
    0   297    57    57   100   100     0     0  1215  1410
    0   298    57    57   100    98     0     0  1215  1410
    0   297    57    57   100   100     0     0  1215  1410
    0   298    57    57   100   100     0     0  1215  1410
    0   298    57    57   100    99     0     0  1215  1410
    0   297    57    57   100   100     0     0  1215  1410
    0   298    57    57   100   100     0     0  1215  1410
    0   298    57    57   100   100     0     0  1215  1410
    0   297    57    57   100   100     0     0  1215  1410
    0   298    57    57   100   100     0     0  1215  1410
    0   297    57    57   100   100     0     0  1215  1410
    0   298    57    57   100   100     0     0  1215  1410
    0   298    57    57   100   100     0     0  1215  1410
    0   297    57    57   100   100     0     0  1215  1410
    0   297    57    57   100   100     0     0  1215  1410
    0   296    57    57   100    96     0     0  1215  1410
    0   297    57    57   100   100     0     0  1215  1410
    0   298    57    57   100   100     0     0  1215  1410
    0   297    57    57   100    95     0     0  1215  1410
    0   298    57    57   100   100     0     0  1215  1410
    0   298    57    57   100   100     0     0  1215  1410
    0   298    57    57   100    98     0     0  1215  1410
    0   297    57    57   100   100     0     0  1215  1410
    0   298    57    57   100   100     0     0  1215  1410
    0   297    57    57   100   100     0     0  1215  1410
    0   297    57    57   100   100     0     0  1215  1410
# gpu   pwr gtemp mtemp    sm   mem   enc   dec  mclk  pclk
# Idx     W     C     C     %     %     %     %   MHz   MHz
    0   297    57    57   100   100     0     0  1215  1410
    0   297    57    57   100   100     0     0  1215  1410
    0   298    57    57   100   100     0     0  1215  1410
    0   297    57    57   100   100     0     0  1215  1410
    0   297    57    57   100   100     0     0  1215  1410
    0   298    57    57   100   100     0     0  1215  1410
    0   298    57    57   100   100     0     0  1215  1410
    0   298    57    57   100   100     0     0  1215  1410
    0   298    57    57   100   100     0     0  1215  1410
    0   296    57    57   100    95     0     0  1215  1410
    0   297    57    57   100   100     0     0  1215  1410
    0   298    57    57   100   100     0     0  1215  1410
    0   297    57    57   100    96     0     0  1215  1410
    0   298    57    57   100   100     0     0  1215  1410
    0   298    57    57   100   100     0     0  1215  1410
    0   298    57    57   100    99     0     0  1215  1410
    0   297    57    57   100   100     0     0  1215  1410
    0   297    57    57   100   100     0     0  1215  1410
    0   298    57    57   100   100     0     0  1215  1410
    0   298    57    57   100   100     0     0  1215  1410
    0   297    57    57   100   100     0     0  1215  1410
    0   298    57    57   100   100     0     0  1215  1410
    0   298    57    57   100   100     0     0  1215  1410
    0   297    57    57   100   100     0     0  1215  1410
    0   297    57    57   100   100     0     0  1215  1410
    0   298    57    57   100   100     0     0  1215  1410
    0   297    57    57   100    99     0     0  1215  1410
    0   297    57    57   100   100     0     0  1215  1410
    0   297    57    57   100   100     0     0  1215  1410
    0   297    57    57   100    94     0     0  1215  1410
    0   298    57    57   100   100     0     0  1215  1410
    0   297    57    57   100   100     0     0  1215  1410
    0   298    57    57   100    97     0     0  1215  1410
    0   298    57    57   100   100     0     0  1215  1410
    0   297    57    57   100   100     0     0  1215  1410
    0   298    57    57   100   100     0     0  1215  1410
    0   297    57    57   100   100     0     0  1215  1410
    0   298    57    57   100   100     0     0  1215  1410
    0   298    57    57   100   100     0     0  1215  1410
    0   297    57    57   100   100     0     0  1215  1410
    0   298    57    57   100   100     0     0  1215  1410
    0   298    57    57   100   100     0     0  1215  1410
    0   298    57    57   100   100     0     0  1215  1410
    0   297    57    57   100   100     0     0  1215  1410
# gpu   pwr gtemp mtemp    sm   mem   enc   dec  mclk  pclk
# Idx     W     C     C     %     %     %     %   MHz   MHz
    0   297    57    57   100   100     0     0  1215  1410
    0   297    57    57   100   100     0     0  1215  1410
    0   295    57    57   100    97     0     0  1215  1410
    0   297    57    57   100   100     0     0  1215  1410
    0   297    57    57   100   100     0     0  1215  1410
    0   297    57    57   100    95     0     0  1215  1410
    0   298    57    57   100   100     0     0  1215  1410
    0   298    57    57   100   100     0     0  1215  1410
    0   298    57    57   100    98     0     0  1215  1410
    0   297    57    57   100   100     0     0  1215  1410
    0   297    57    57   100   100     0     0  1215  1410
    0   297    57    57   100   100     0     0  1215  1410
    0   298    57    57   100   100     0     0  1215  1410
    0   298    57    57   100   100     0     0  1215  1410
    0   298    57    57   100   100     0     0  1215  1410
    0   298    57    57   100   100     0     0  1215  1410
    0   297    57    57   100   100     0     0  1215  1410
    0   298    57    57   100   100     0     0  1215  1410
    0   298    57    57   100   100     0     0  1215  1410
    0   298    57    57   100   100     0     0  1215  1410
    0   298    57    57   100   100     0     0  1215  1410
    0   298    57    57   100   100     0     0  1215  1410
    0   296    57    57   100    96     0     0  1215  1410
    0   297    57    57   100   100     0     0  1215  1410
    0   297    57    57   100   100     0     0  1215  1410
    0   297    57    57   100    96     0     0  1215  1410
    0   298    57    57   100   100     0     0  1215  1410
    0   297    57    57   100   100     0     0  1215  1410
    0   298    57    57   100    98     0     0  1215  1410
    0   298    57    57   100   100     0     0  1215  1410
    0   297    57    57   100   100     0     0  1215  1410
    0   298    57    57   100   100     0     0  1215  1410
    0   298    57    57   100   100     0     0  1215  1410
    0   298    57    57   100   100     0     0  1215  1410
    0   297    57    57   100   100     0     0  1215  1410
    0   298    57    57   100   100     0     0  1215  1410
    0   298    57    57   100   100     0     0  1215  1410
    0   297    57    57   100   100     0     0  1215  1410
    0   298    57    57   100   100     0     0  1215  1410
    0   298    57    57   100   100     0     0  1215  1410
    0   297    57    57   100   100     0     0  1215  1410
    0   297    57    57   100   100     0     0  1215  1410
    0   297    57    57   100    95     0     0  1215  1410
    0   298    57    57   100   100     0     0  1215  1410
# gpu   pwr gtemp mtemp    sm   mem   enc   dec  mclk  pclk
# Idx     W     C     C     %     %     %     %   MHz   MHz
    0   298    57    57   100   100     0     0  1215  1410
    0   297    57    57   100    96     0     0  1215  1410
    0   298    57    57   100   100     0     0  1215  1410
    0   298    57    57   100   100     0     0  1215  1410
    0   298    57    57   100    98     0     0  1215  1410
    0   298    57    57   100   100     0     0  1215  1410
    0   297    57    57   100   100     0     0  1215  1410
    0   297    57    57   100   100     0     0  1215  1410
    0   298    57    57   100   100     0     0  1215  1410
    0   297    57    57   100   100     0     0  1215  1410
    0   297    57    57   100   100     0     0  1215  1410
    0   298    57    57   100   100     0     0  1215  1410
    0   298    57    57   100   100     0     0  1215  1410
    0   297    57    57   100   100     0     0  1215  1410
    0   298    57    57   100   100     0     0  1215  1410
    0   294    57    57   100    98     0     0  1215  1410
    0   298    57    57   100   100     0     0  1215  1410
    0   297    57    57   100   100     0     0  1215  1410
    0   297    57    57   100    94     0     0  1215  1410
    0   297    57    57   100   100     0     0  1215  1410
    0   298    57    57   100   100     0     0  1215  1410
    0   297    57    57   100    98     0     0  1215  1410
    0   298    57    57   100   100     0     0  1215  1410
    0   298    57    57   100   100     0     0  1215  1410
    0   298    57    57   100   100     0     0  1215  1410
    0   298    57    57   100   100     0     0  1215  1410
    0   297    57    57   100   100     0     0  1215  1410
    0   297    57    57   100   100     0     0  1215  1410
    0   297    57    57   100   100     0     0  1215  1410
    0   297    57    57   100   100     0     0  1215  1410
    0   297    57    57   100   100     0     0  1215  1410
    0   297    57    57   100   100     0     0  1215  1410
    0   298    57    57   100   100     0     0  1215  1410
    0   298    57    57   100   100     0     0  1215  1410
    0   297    57    57   100   100     0     0  1215  1410
    0   296    57    57   100    96     0     0  1215  1410
    0   298    57    57   100   100     0     0  1215  1410
    0   298    57    57   100   100     0     0  1215  1410
    0   298    57    57   100    96     0     0  1215  1410
    0   298    57    57   100   100     0     0  1215  1410
    0   297    57    57   100   100     0     0  1215  1410
    0   297    57    57   100    98     0     0  1215  1410
    0   298    57    57   100   100     0     0  1215  1410
    0   298    57    57   100   100     0     0  1215  1410
# gpu   pwr gtemp mtemp    sm   mem   enc   dec  mclk  pclk
# Idx     W     C     C     %     %     %     %   MHz   MHz
    0   298    57    57   100   100     0     0  1215  1410
    0   298    57    57   100   100     0     0  1215  1410
    0   298    57    57   100   100     0     0  1215  1410
    0   298    57    57   100   100     0     0  1215  1410
    0   297    57    57   100   100     0     0  1215  1410
    0   298    57    57   100   100     0     0  1215  1410
    0   297    57    57   100   100     0     0  1215  1410
    0   297    57    57   100   100     0     0  1215  1410
    0   298    57    57   100   100     0     0  1215  1410
    0   298    57    57   100   100     0     0  1215  1410
    0   297    57    57   100   100     0     0  1215  1410
    0   297    57    57   100    95     0     0  1215  1410
    0   297    57    57   100   100     0     0  1215  1410
    0   298    57    57   100   100     0     0  1215  1410
    0   298    57    57   100    97     0     0  1215  1410
    0   298    57    57   100   100     0     0  1215  1410
    0   298    57    57   100   100     0     0  1215  1410
    0   298    57    57   100    98     0     0  1215  1410
    0   298    57    57   100   100     0     0  1215  1410
    0   298    57    57   100   100     0     0  1215  1410
    0   298    57    57   100   100     0     0  1215  1410
    0   298    57    57   100   100     0     0  1215  1410
    0   297    57    57   100   100     0     0  1215  1410
    0   298    57    57   100   100     0     0  1215  1410
    0   298    57    57   100   100     0     0  1215  1410
    0   297    57    57   100   100     0     0  1215  1410
    0   298    57    57   100   100     0     0  1215  1410
    0   298    57    57   100   100     0     0  1215  1410
    0   296    57    57   100   100     0     0  1215  1410
    0   297    57    57   100   100     0     0  1215  1410
    0   298    57    57   100   100     0     0  1215  1410
    0   297    57    57   100    94     0     0  1215  1410
    0   297    57    57   100   100     0     0  1215  1410
    0   297    57    57   100   100     0     0  1215  1410
    0   298    57    57   100    97     0     0  1215  1410
    0   298    57    57   100   100     0     0  1215  1410
    0   297    57    57   100   100     0     0  1215  1410
    0   298    57    57   100   100     0     0  1215  1410
    0   297    57    57   100   100     0     0  1215  1410
    0   298    57    57   100   100     0     0  1215  1410
    0   298    57    57   100   100     0     0  1215  1410
    0   297    57    57   100   100     0     0  1215  1410
    0   298    57    57   100   100     0     0  1215  1410
    0   297    57    57   100   100     0     0  1215  1410
# gpu   pwr gtemp mtemp    sm   mem   enc   dec  mclk  pclk
# Idx     W     C     C     %     %     %     %   MHz   MHz
    0   298    57    57   100   100     0     0  1215  1410
    0   298    57    57   100   100     0     0  1215  1410
    0   297    57    57   100   100     0     0  1215  1410
    0   298    57    57   100   100     0     0  1215  1410
    0   295    57    57   100    98     0     0  1215  1410
    0   297    57    57   100   100     0     0  1215  1410
    0   298    57    57   100   100     0     0  1215  1410
    0   297    57    57   100    95     0     0  1215  1410
    0   298    57    57   100   100     0     0  1215  1410
    0   297    57    57   100   100     0     0  1215  1410
    0   297    57    57   100    98     0     0  1215  1410
    0   297    57    57   100   100     0     0  1215  1410
    0   298    57    57   100   100     0     0  1215  1410
    0   297    57    57   100   100     0     0  1215  1410
    0   298    57    57   100   100     0     0  1215  1410
    0   298    57    57   100   100     0     0  1215  1410
    0   298    57    57   100   100     0     0  1215  1410
    0   297    57    57   100   100     0     0  1215  1410
    0   297    57    57   100   100     0     0  1215  1410
    0   297    57    57   100   100     0     0  1215  1410
    0   298    57    57   100   100     0     0  1215  1410
    0   298    57    57   100   100     0     0  1215  1410
    0   298    57    57   100   100     0     0  1215  1410
    0   297    57    57   100   100     0     0  1215  1410
    0   296    57    56   100    97     0     0  1215  1410
    0   298    57    57   100   100     0     0  1215  1410
    0   297    57    57   100   100     0     0  1215  1410
    0   297    57    57   100    95     0     0  1215  1410
    0   298    57    57   100   100     0     0  1215  1410
    0   298    57    57   100   100     0     0  1215  1410
    0   298    57    57   100    99     0     0  1215  1410
    0   298    57    57   100   100     0     0  1215  1410
    0   298    57    57   100   100     0     0  1215  1410
    0   298    57    57   100   100     0     0  1215  1410
    0   297    57    57   100   100     0     0  1215  1410
    0   298    57    57   100   100     0     0  1215  1410
    0   297    57    57   100   100     0     0  1215  1410
    0   297    57    57   100   100     0     0  1215  1410
    0   298    57    57   100   100     0     0  1215  1410
    0   297    57    57   100   100     0     0  1215  1410
    0   297    57    57   100   100     0     0  1215  1410
    0   298    57    57   100   100     0     0  1215  1410
    0   297    57    57   100   100     0     0  1215  1410
    0   297    57    57   100   100     0     0  1215  1410
# gpu   pwr gtemp mtemp    sm   mem   enc   dec  mclk  pclk
# Idx     W     C     C     %     %     %     %   MHz   MHz
    0   297    57    56   100    95     0     0  1215  1410
    0   298    57    57   100   100     0     0  1215  1410
    0   297    57    57   100   100     0     0  1215  1410
    0   297    57    57   100    96     0     0  1215  1410
    0   297    57    57   100   100     0     0  1215  1410
    0   297    57    57   100   100     0     0  1215  1410
    0   298    57    57   100    98     0     0  1215  1410
    0   297    57    57   100   100     0     0  1215  1410
    0   297    57    57   100   100     0     0  1215  1410
    0   298    57    57   100   100     0     0  1215  1410
    0   297    57    57   100   100     0     0  1215  1410
    0   297    57    57   100   100     0     0  1215  1410
    0   297    57    57   100   100     0     0  1215  1410
    0   298    57    57   100   100     0     0  1215  1410
    0   297    57    57   100   100     0     0  1215  1410
    0   297    57    57   100   100     0     0  1215  1410
    0   297    57    57   100   100     0     0  1215  1410
    0   288    57    56   100   100     0     0  1215  1410
    0   297    57    57   100   100     0     0  1215  1410
    0   297    57    57   100   100     0     0  1215  1410
    0   297    57    57   100    94     0     0  1215  1410
    0   297    57    57   100   100     0     0  1215  1410
    0   298    57    57   100   100     0     0  1215  1410
    0   298    57    57   100    97     0     0  1215  1410
    0   297    57    57   100   100     0     0  1215  1410
    0   298    57    57   100   100     0     0  1215  1410
    0   298    57    57   100   100     0     0  1215  1410
    0   297    57    57   100   100     0     0  1215  1410
    0   298    57    57   100   100     0     0  1215  1410
    0    90    46    45     6     0     0     0  1215  1410
    0    88    44    43     9     0     0     0  1215  1410
    0    71    42    41     6     0     0     0  1215  1095
    0    71    41    41     6     0     0     0  1215  1095
    0    71    41    40     6     0     0     0  1215  1095
    0    70    40    39     6     0     0     0  1215  1095
    0    70    39    39     6     0     0     0  1215  1095
    0    70    39    38     6     0     0     0  1215  1095
    0    70    39    38     6     0     0     0  1215  1095
    0    70    38    37     8     0     0     0  1215  1095
    0    70    38    37     6     0     0     0  1215  1095
    0    70    38    37     6     0     0     0  1215  1095
    0    70    37    36     6     0     0     0  1215  1095
    0    70    37    36     6     0     0     0  1215  1095
    0    70    37    36     6     0     0     0  1215  1095
